
#1
41
43
46
44
60
52
17
25
10
22
66
65
31
33
44
33
22
34
57
66
20
64
67
46
52
33
66
33
30
33
25
33
34
55
47
57
64
75

#2
41
43
46
44
60
52
17
25
50
23
67
55
31
33
44
33
01
02
76
75
52
73
55
43
30
74
66
65
23
56
47
56
74
65
56
46
73
54


#3
41
43
67
55
43
44
55
34
60
52
36
35
50
23
34
15
23
56
47
56
52
64
56
67
30
52
37
47
44
45
76
75
52
56
47
56
45
56


#4
41
43
46
44
60
52
17
25
50
23
36
35
10
22
27
63
71
72
63
74
52
44
74
30
23
56
47
46
22
34


#5
41
43
46
44
60
52
17
25
50
23
25
33
52
44
37
64
44
56
64
61
70
50
61
43
42
41
23
41
33
52
41
43
06
05
50
14
36
35




